270

000 000  260 180  399 2352
001 000  659 176  313 2356
002 000  972 176  523 2356
003 001  175 105  259 2424
004 001  434 104  194 2425
005 001  628 104  398 2423
006 001 1026 100  479 2427
007 002  176  63  348 2419
008 002  524  58  280 2424
009 002  804  58  205 2419
010 002 1009  56  160 2421
011 002 1169  56  348 2421
012 003  178  72  233 2425
013 003  411  73  219 2424
014 003  630  73  288 2422
015 003  918  74  233 2421
016 003 1151  74  200 2423
017 003 1351  71  168 2426
018 004  166  86  238 2417
019 004  404  79  403 2424
020 004  807  79  296 2419
021 004 1103  72  398 2426
022 005  142  56  474 2461
023 005  616  50  515 2467
024 005 1131  50  363 2458
025 006  189 109  454 2419
026 006  643 106  530 2422
027 006 1173 106  344 2425
028 007  161  39  382 2419
029 007  543  35  357 2423
030 007  900  35  289 2424
031 007 1189  31  303 2428
032 008  188  38  410 2417
033 008  598  34  247 2421
034 008  845  34  337 2419
035 008 1182  28  338 2425
036 009  200  72  359 2420
037 009  559  75  297 2417
038 009  856  75  298 2420
039 009 1154  77  373 2418
040 010  168 110  361 2421
041 010  529 108  226 2423
042 010  755 108  452 2417
043 010 1207 102  304 2423
044 011  195  92  226 2420
045 011  421  92  286 2420
046 011  707  92  264 2418
047 011  971  90  330 2420
048 011 1301  90  222 2423
049 012  159  43  492 2420
050 012  651  40  437 2423
051 012 1088  40  428 2424
052 013  186  97  461 2417
053 013  647  95  443 2419
054 013 1090  95  455 2418
055 014  184 108  462 2419
056 014  646 106  258 2421
057 014  904 106  218 2420
058 014 1122 102  423 2424
059 015  164  61  425 2415
060 015  589  55  342 2421
061 015  931  55  308 2416
062 015 1239  49  289 2422
063 016  155  94  261 2423
064 016  416  91  225 2426
065 016  641  91  213 2421
066 016  854  89  225 2423
067 016 1079  89  214 2422
068 016 1293  86  207 2425
069 017  192  81  396 2422
070 017  588  82  227 2421
071 017  815  82  362 2423
072 017 1177  81  372 2424
073 018  164 117  332 2415
074 018  496 109  390 2423
075 018  886 109  224 2415
076 018 1110 104  202 2420
077 018 1312 104  227 2419
078 019  184  61  283 2425
079 019  467  64  178 2422
080 019  645  64  187 2421
081 019  832 2198  116  287
082 019  948  65   55 2133
083 019 1003  65  139 2423
084 019 1142  65  200 2423
085 019 1342  65  190 2428
086 020  190 104  255 2415
087 020  445  99  166 2420
088 020  611  99  212 2414
089 020  823  95  186 2418
090 020 1009  95  172 2416
091 020 1181  91  181 2420
092 020 1362  91  201 2418
093 021  201  41  281 2427
094 021  482  47  369 2421
095 021  851  47  305 2426
096 021 1156  54  362 2419
097 022  175  75  272 2419
098 022  447  70  255 2424
099 022  702  70  421 2419
100 022 1123  58  412 2431
101 023  194  62  267 2425
102 023  461  65  327 2422
103 023  788  65  433 2428
104 023 1221  72  335 2421
105 024  178 103  424 2412
106 024  602  96  232 2419
107 024  834  96  369 2413
108 024 1203  88  326 2421
109 025  196  65  322 2363
110 025  518  65  239 2363
111 025  757  65  236 2363
112 025  993  65  267 2363
113 025 1260  65  285 2360
114 026  174  97  219 2417
115 026  393  99  232 2415
116 026  625  99  249 2412
117 026  874 100  268 2411
118 026 1142 100  395 2410
119 027  173  89  527 2417
120 027  700  80  245 2426
121 027  945  80  203 2422
122 027 1148  73  167 2429
123 027 1315  73  234 2426
124 028  165 106  360 2410
125 028  525  98  279 2418
126 028  804  98  392 2407
127 028 1196  86  320 2419
128 029  188  99  407 2429
129 029  595 110  535 2418
130 029 1130 110  375 2432
131 030  154  66  143 1710
132 030  297 1776  138  707
133 030  435  61  270 2422
134 030  705  61  251 2417
135 030  956  55  284 2423
136 030 1240  55  290 2423
137 031  181  47  403 2418
138 031  584  46  473 2419
139 031 1057  46  486 2422
140 032  182  60  571 2416
141 032  753  59  520 2417
142 032 1273  59  237 2419
143 033  217  93  272 2415
144 033  489  90  241 2418
145 033  730  90  310 2414
146 033 1040  88  539 2416
147 034  177 104  138 1754
148 034  315 1858  275  659
149 034  590  96  433 2421
150 034 1023  96  512 2417
151 035  174  58  483 2415
152 035  657  55  528 2418
153 035 1185  55  299 2424
154 036  188  62  578 2416
155 036  766  59  339 2419
156 036 1105  59  430 2418
157 037  219  54  449 2471
158 037  668  46  537 2479
159 037 1205  46  356 2478
160 038  201  88  122 1820
161 038  323 1908  322  609
162 038  645  81  430 2436
163 038 1075  81  465 2427
164 039  195  61  437 2486
165 039  632  61  147 2486
166 039  779  61  392 2486
167 039 1171  61  360 2486
168 040  175  50  497 2384
169 040  672  50  378 2384
170 040 1050  50  494 2380
171 041  167  59  593 2351
172 041  760  53  382 2357
173 041 1142  53  392 2343
174 042  177  92  526 2331
175 042  703  79  387 2344
176 042 1090  79  460 2328
177 043  185  62  355 2423
178 043  540  62  307 2423
179 043  847  62  306 2421
180 043 1153  63  356 2420
181 044  167  87  426 2414
182 044  593  78  336 2423
183 044  929  78  350 2416
184 044 1279  74  249 2420
185 045  178  84  387 2421
186 045  565  80  308 2425
187 045  873  80  326 2422
188 045 1199  75  339 2427
189 046  160  43  385 2412
190 046  545  39  320 2416
191 046  865  39  371 2412
192 046 1236  33  285 2418
193 047  166  40  468 2427
194 047  634  46  450 2421
195 047 1084  46  429 2428
196 048  154  76  475 2414
197 048  629  69  432 2421
198 048 1061  69  461 2414
199 049  172  51  479 2424
200 049  651  52  505 2423
201 049 1156  52  370 2427
202 050  185 126  502 2415
203 050  687 120  434 2421
204 050 1121 120  439 2415
205 051  186 104  406 2425
206 051  592 106  401 2423
207 051  993 106  263 2424
208 051 1256 109  295 2421
209 052  167  89  381 2389
210 052  548  83  297 2395
211 052  845  83  396 2385
212 052 1241  75  286 2393
213 053  191 113  472 2445
214 053  663 117  457 2441
215 053 1120 117  420 2449
216 054  186 102  463 2417
217 054  649  98  422 2421
218 054 1071  98  443 2419
219 055  195 127  472 2416
220 055  667 126  414 2417
221 055 1081 126  474 2419
222 056  172  86  381 2422
223 056  553  84  313 2424
224 056  866  84  330 2419
225 056 1196  80  337 2423
226 057  188  84  443 2417
227 057  631  82  417 2419
228 057 1048  82  270 2421
229 057 1318  79  233 2424
230 058  188  73  325 2532
231 058  513  71  399 2534
232 058  912  71  303 2532
233 058 1215  70  336 2533
234 059  180 129  380 2539
235 059  560 129  363 2539
236 059  923 129  621 2535
237 060  171  98  447 2503
238 060  618  96  448 2505
239 060 1066  96  431 2504
240 061  210  77  392 2423
241 061  602  78  347 2422
242 061  949  78  613 2426
243 062  196 102  307 2401
244 062  503 100  324 2403
245 062  827 100  295 2401
246 062 1122  95  433 2406
247 063  175 112  450 2392
248 063  625 113  398 2391
249 063 1023 113  478    3
250 064  179 133  669 2417
251 064  848 127  375 2423
252 064 1223 127  320 2424
253 065  202 114  366 2425
254 065  568 118  334 2421
255 065  902 118  284 2422
256 065 1186 122  353 2418
257 066  179 101  191 1749
258 066  370 1850  344  663
259 066  714  92  386 2421
260 066 1100  92  468 2415
261 067  183  93  472 2423
262 067  655  96  445 2420
263 067 1100  96  432 2425
264 068  157 102  579 2412
265 068  736  89  471 2425
266 068 1207  89  327 2419
267 069  181 107  375 2427
268 069  556 113  364 2421
269 069  920 113  194 2425
