22
000 000  260 180  399 2352
001 000  659 176  313 2356
002 000  972 176  523 2356
003 001  175 105  259 2424
004 001  434 104  194 2425
005 001  628 104  398 2423
006 001 1026 100  479 2427
007 002  176  63  348 2419
008 002  524  58  280 2424
009 002  804  58  205 2419
010 002 1009  56  160 2421
011 002 1169  56  348 2421
012 003  178  72  233 2425
013 003  411  73  219 2424
014 003  630  73  288 2422
015 003  918  74  233 2421
016 003 1151  74  200 2423
017 003 1351  71  168 2426
018 004  166  86  238 2417
019 004  404  79  403 2424
020 004  807  79  296 2419
021 004 1103  72  398 2426
