49
000 000  409  80  392  670
001 000  801  80  226  670
002 000 1027  80  230  671
003 000 1257  81  239  670
004 000 1496  81  197  671
005 000 1693  85  267  667
006 000 1960  85  258  670
007 001  110  54  368  708
008 001  478  55  207  707
009 001  685  55  211  708
010 001  896  56  213  707
011 001 1109  56  209  707
012 001 1318  57  190  706
013 001 1508  57  240  707
014 001 1748  59  234  705
015 001 1982  59  237  705
016 002  111  78  344  740
017 002  455  77  277  741
018 002  732  77  238  742
019 002  970  79  270  740
020 002 1240  79  235  738
021 002 1475  79  253  738
022 002 1728  79  244  738
023 002 1972  79  248  738
024 003   61  73  304  823
025 003  365  75  204  821
026 003  569  75  119  821
027 003  688  75  191  821
028 003  879  75  203  818
029 003 1082  76  260  817
030 003 1342  76  184  819
031 003 1526  76  221  819
032 003 1747  76  208  820
033 003 1955  78  213  818
034 004   68  96  373  806
035 004  441  95  269  807
036 004  710  95  305  808
037 004 1015  95  278  808
038 004 1293  95  301  807
039 004 1594  95  261  807
040 004 1855  95  323  807
041 005   71  62  431  793
042 005  502  62  300  793
043 005  802  62  234  794
044 005 1036  60  244  796
045 005 1280  60  240  794
046 005 1520  62  177  792
047 005 1697  62  240  791
048 005 1937  62  244  791
